#N canvas 266 55 671 637 10;
#X floatatom 47 382 0 0 100 0 - - -;
#N canvas 331 136 786 621 output 0;
#X obj 455 510 t b;
#X obj 455 450 f;
#X obj 455 390 inlet;
#X obj 455 540 f;
#X msg 566 532 0;
#X msg 455 420 bang;
#X obj 455 480 moses 1;
#X obj 566 502 t b f;
#X obj 535 460 moses 1;
#X obj 107 121 dbtorms;
#X obj 535 430 r master-lvl;
#X obj 107 28 r master-lvl;
#X obj 455 570 s master-lvl;
#X obj 36 228 inlet~;
#X obj 250 258 inlet;
#X obj 268 283 s master-lvl;
#X msg 119 57 set \$1;
#X obj 119 87 outlet;
#X msg 250 309 \; pd dsp 1;
#X obj 107 181 line~;
#X obj 36 258 *~;
#X obj 36 288 dac~;
#X obj 107 151 pack 0 50;
#X text 23 205 audio in;
#X text 2 313 out both channels;
#X text 273 182 Level input. Send to master-lvl and start DSP (we infer
that if you're changing the level you want to hear the network.) If
you start DSP when it's already running there's no effect.;
#X text 59 542 here is the previous nonzero master-lvl -->;
#X text 98 451 recall previous value of master-lvl -->;
#X text 239 482 test if less than 1 -->;
#X text 203 510 if true convert to bang -->;
#X text 218 351 Mute control. If the master level is zero \, restore
to the last nonzero one \, otherwise zero it.;
#X text 182 86 <-- update the number box to show new level;
#X text 178 120 <-- convert from dB to linear units;
#X text 196 150 <-- make a smooth ramp to avoid clicks or zipper noise
;
#X text 333 318 <-- automatically start DSP;
#X connect 0 0 3 0;
#X connect 1 0 6 0;
#X connect 2 0 5 0;
#X connect 3 0 12 0;
#X connect 4 0 12 0;
#X connect 5 0 1 0;
#X connect 6 0 0 0;
#X connect 6 1 7 0;
#X connect 7 0 4 0;
#X connect 8 1 3 1;
#X connect 9 0 22 0;
#X connect 10 0 1 1;
#X connect 10 0 8 0;
#X connect 11 0 9 0;
#X connect 11 0 16 0;
#X connect 13 0 20 0;
#X connect 14 0 15 0;
#X connect 14 0 18 0;
#X connect 16 0 17 0;
#X connect 19 0 20 1;
#X connect 20 0 21 0;
#X connect 20 0 21 1;
#X connect 22 0 19 0;
#X restore 23 404 pd output;
#X msg 72 382 mute;
#X obj 25 -13 tgl 15 0 empty empty empty 0 -6 0 8 -262144 -1 -1 0 1
;
#X obj 25 7 metro 125;
#X obj 25 28 counter 0 11;
#X obj 25 49 tabread mycoll;
#N canvas 0 0 450 300 graph2 0;
#X array mycoll 12 float 1;
#A 0 70 73 79 72 75 73 68 70 79 80 85 82;
#X coords 0 90 11 60 100 70 1;
#X restore 121 27 graph;
#X obj 25 71 mtof;
#X msg 25 93 \$1 20;
#X obj 25 115 line~;
#X obj 43 250 vsl 9 80 0 1 0 0 empty empty empty 0 -8 0 8 -262144 -1
-1 0 1;
#X obj 24 336 *~ 1;
#X text 9 -91 ported from real-time cmix \, by brad;
#X text 8 -82 garton and dave topper;
#X obj 25 139 tabosc4~ mywave;
#N canvas 0 0 450 300 graph2 0;
#X array mywave 1027 float 1;
#A 0 0.00389105 0.0077821 0.0116732 0.0155642 0.0194553 0.0233463 0.0272374
0.0311284 0.0350195 0.0389105 0.0428016 0.0466926 0.0505837 0.0544747
0.0583658 0.0622568 0.0661479 0.0700389 0.07393 0.077821 0.0817121
0.0856031 0.0894942 0.0933852 0.0972763 0.101167 0.105058 0.108949
0.11284 0.116732 0.120623 0.124514 0.128405 0.132296 0.136187 0.140078
0.143969 0.14786 0.151751 0.155642 0.159533 0.163424 0.167315 0.171206
0.175097 0.178988 0.182879 0.18677 0.190661 0.194553 0.198444 0.202335
0.206226 0.210117 0.214008 0.217899 0.22179 0.225681 0.229572 0.233463
0.237354 0.241245 0.245136 0.249027 0.252918 0.256809 0.2607 0.264591
0.268482 0.272374 0.276265 0.280156 0.284047 0.287938 0.291829 0.29572
0.299611 0.303502 0.307393 0.311284 0.315175 0.319066 0.322957 0.326848
0.330739 0.33463 0.338521 0.342412 0.346303 0.350195 0.354086 0.357977
0.361868 0.365759 0.36965 0.373541 0.377432 0.381323 0.385214 0.389105
0.392996 0.396887 0.400778 0.404669 0.40856 0.412451 0.416342 0.420233
0.424125 0.428016 0.431907 0.435798 0.439689 0.44358 0.447471 0.451362
0.455253 0.459144 0.463035 0.466926 0.470817 0.474708 0.478599 0.48249
0.486381 0.490272 0.494163 0.498054 0.501945 0.505837 0.509728 0.513619
0.51751 0.521401 0.525292 0.529183 0.533074 0.536965 0.540856 0.544747
0.548638 0.552529 0.55642 0.560311 0.564202 0.568093 0.571984 0.575875
0.579767 0.583658 0.587549 0.59144 0.595331 0.599222 0.603113 0.607004
0.610895 0.614786 0.618677 0.622568 0.626459 0.63035 0.634241 0.638132
0.642023 0.645914 0.649805 0.653696 0.657588 0.661479 0.66537 0.669261
0.673152 0.677043 0.680934 0.684825 0.688716 0.692607 0.696498 0.700389
0.70428 0.708171 0.712062 0.715953 0.719844 0.723735 0.727626 0.731517
0.735409 0.7393 0.743191 0.747082 0.750973 0.754864 0.758755 0.762646
0.766537 0.770428 0.774319 0.77821 0.782101 0.785992 0.789883 0.793774
0.797665 0.801556 0.805447 0.809339 0.81323 0.817121 0.821012 0.824903
0.828794 0.832685 0.836576 0.840467 0.844358 0.848249 0.85214 0.856031
0.859922 0.863813 0.867704 0.871595 0.875486 0.879377 0.883268 0.88716
0.891051 0.894942 0.898833 0.902724 0.906615 0.910506 0.914397 0.918288
0.922179 0.92607 0.929961 0.933852 0.937743 0.941634 0.945525 0.949416
0.953307 0.957198 0.961089 0.964981 0.968872 0.972763 0.976654 0.980545
0.984436 0.988327 0.992218 0.996109 1 0.996109 0.992218 0.988327 0.984436
0.980545 0.976654 0.972763 0.968872 0.964981 0.961089 0.957198 0.953307
0.949416 0.945525 0.941634 0.937743 0.933852 0.929961 0.92607 0.922179
0.918288 0.914397 0.910506 0.906615 0.902724 0.898833 0.894942 0.891051
0.88716 0.883268 0.879377 0.875486 0.871595 0.867704 0.863813 0.859922
0.856031 0.85214 0.848249 0.844358 0.840467 0.836576 0.832685 0.828794
0.824903 0.821012 0.817121 0.81323 0.809339 0.805447 0.801556 0.797665
0.793774 0.789883 0.785992 0.782101 0.77821 0.774319 0.770428 0.766537
0.762646 0.758755 0.754864 0.750973 0.747082 0.743191 0.7393 0.735409
0.731517 0.727626 0.723735 0.719844 0.715953 0.712062 0.708171 0.70428
0.700389 0.696498 0.692607 0.688716 0.684825 0.680934 0.677043 0.673152
0.669261 0.66537 0.661479 0.657588 0.653696 0.649805 0.645914 0.642023
0.638132 0.634241 0.63035 0.626459 0.622568 0.618677 0.614786 0.610895
0.607004 0.603113 0.599222 0.595331 0.59144 0.587549 0.583658 0.579767
0.575875 0.571984 0.568093 0.564202 0.560311 0.55642 0.552529 0.548638
0.544747 0.540856 0.536965 0.533074 0.529183 0.525292 0.521401 0.51751
0.513619 0.509728 0.505837 0.501945 0.498054 0.494163 0.490272 0.486381
0.48249 0.478599 0.474708 0.470817 0.466926 0.463035 0.459144 0.455253
0.451362 0.447471 0.44358 0.439689 0.435798 0.431907 0.428016 0.424125
0.420233 0.416342 0.412451 0.40856 0.404669 0.400778 0.396887 0.392996
0.389105 0.385214 0.381323 0.377432 0.373541 0.36965 0.365759 0.361868
0.357977 0.354086 0.350195 0.346303 0.342412 0.338521 0.33463 0.330739
0.326848 0.322957 0.319066 0.315175 0.311284 0.307393 0.303502 0.299611
0.29572 0.291829 0.287938 0.284047 0.280156 0.276265 0.272374 0.268482
0.264591 0.2607 0.256809 0.252918 0.249027 0.245136 0.241245 0.237354
0.233463 0.229572 0.225681 0.22179 0.217899 0.214008 0.210117 0.206226
0.202335 0.198444 0.194553 0.190661 0.18677 0.182879 0.178988 0.175097
0.171206 0.167315 0.163424 0.159533 0.155642 0.151751 0.14786 0.143969
0.140078 0.136187 0.132296 0.128405 0.124514 0.120623 0.116732 0.11284
0.108949 0.105058 0.101167 0.0972763 0.0933852 0.0894942 0.0856031
0.0817121 0.077821 0.07393 0.0700389 0.0661479 0.0622568 0.0583658
0.0544747 0.0505837 0.0466926 0.0428016 0.0389105 0.0350195 0.0311284
0.0272374 0.0233463 0.0194553 0.0155642 0.0116732 0.0077821 0.00389105
0 -0.00389105 -0.0077821 -0.0116732 -0.0155642 -0.0194553 -0.0233463
-0.0272374 -0.0311284 -0.0350195 -0.0389105 -0.0428016 -0.0466926 -0.0505837
-0.0544747 -0.0583658 -0.0622568 -0.0661479 -0.0700389 -0.07393 -0.077821
-0.0817121 -0.0856031 -0.0894942 -0.0933852 -0.0972763 -0.101167 -0.105058
-0.108949 -0.11284 -0.116732 -0.120623 -0.124514 -0.128405 -0.132296
-0.136187 -0.140078 -0.143969 -0.14786 -0.151751 -0.155642 -0.159533
-0.163424 -0.167315 -0.171206 -0.175097 -0.178988 -0.182879 -0.18677
-0.190661 -0.194553 -0.198444 -0.202335 -0.206226 -0.210117 -0.214008
-0.217899 -0.22179 -0.225681 -0.229572 -0.233463 -0.237354 -0.241245
-0.245136 -0.249027 -0.252918 -0.256809 -0.2607 -0.264591 -0.268482
-0.272374 -0.276265 -0.280156 -0.284047 -0.287938 -0.291829 -0.29572
-0.299611 -0.303502 -0.307393 -0.311284 -0.315175 -0.319066 -0.322957
-0.326848 -0.330739 -0.33463 -0.338521 -0.342412 -0.346303 -0.350195
-0.354086 -0.357977 -0.361868 -0.365759 -0.36965 -0.373541 -0.377432
-0.381323 -0.385214 -0.389105 -0.392996 -0.396887 -0.400778 -0.404669
-0.40856 -0.412451 -0.416342 -0.420233 -0.424125 -0.428016 -0.431907
-0.435798 -0.439689 -0.44358 -0.447471 -0.451362 -0.455253 -0.459144
-0.463035 -0.466926 -0.470817 -0.474708 -0.478599 -0.48249 -0.486381
-0.490272 -0.494163 -0.498054 -0.501945 -0.505837 -0.509728 -0.513619
-0.51751 -0.521401 -0.525292 -0.529183 -0.533074 -0.536965 -0.540856
-0.544747 -0.548638 -0.552529 -0.55642 -0.560311 -0.564202 -0.568093
-0.571984 -0.575875 -0.579767 -0.583658 -0.587549 -0.59144 -0.595331
-0.599222 -0.603113 -0.607004 -0.610895 -0.614786 -0.618677 -0.622568
-0.626459 -0.63035 -0.634241 -0.638132 -0.642023 -0.645914 -0.649805
-0.653696 -0.657588 -0.661479 -0.66537 -0.669261 -0.673152 -0.677043
-0.680934 -0.684825 -0.688716 -0.692607 -0.696498 -0.700389 -0.70428
-0.708171 -0.712062 -0.715953 -0.719844 -0.723735 -0.727626 -0.731517
-0.735409 -0.7393 -0.743191 -0.747082 -0.750973 -0.754864 -0.758755
-0.762646 -0.766537 -0.770428 -0.774319 -0.77821 -0.782101 -0.785992
-0.789883 -0.793774 -0.797665 -0.801556 -0.805447 -0.809339 -0.81323
-0.817121 -0.821012 -0.824903 -0.828794 -0.832685 -0.836576 -0.840467
-0.844358 -0.848249 -0.85214 -0.856031 -0.859922 -0.863813 -0.867704
-0.871595 -0.875486 -0.879377 -0.883268 -0.88716 -0.891051 -0.894942
-0.898833 -0.902724 -0.906615 -0.910506 -0.914397 -0.918288 -0.922179
-0.92607 -0.929961 -0.933852 -0.937743 -0.941634 -0.945525 -0.949416
-0.953307 -0.957198 -0.961089 -0.964981 -0.968872 -0.972763 -0.976654
-0.980545 -0.984436 -0.988327 -0.992218 -0.996109 -1 -0.996109 -0.992218
-0.988327 -0.984436 -0.980545 -0.976654 -0.972763 -0.968872 -0.964981
-0.961089 -0.957198 -0.953307 -0.949416 -0.945525 -0.941634 -0.937743
-0.933852 -0.929961 -0.92607 -0.922179 -0.918288 -0.914397 -0.910506
-0.906615 -0.902724 -0.898833 -0.894942 -0.891051 -0.88716 -0.883268
-0.879377 -0.875486 -0.871595 -0.867704 -0.863813 -0.859922 -0.856031
-0.85214 -0.848249 -0.844358 -0.840467 -0.836576 -0.832685 -0.828794
-0.824903 -0.821012 -0.817121 -0.81323 -0.809339 -0.805447 -0.801556
-0.797665 -0.793774 -0.789883 -0.785992 -0.782101 -0.77821 -0.774319
-0.770428 -0.766537 -0.762646 -0.758755 -0.754864 -0.750973 -0.747082
-0.743191 -0.7393 -0.735409 -0.731517 -0.727626 -0.723735 -0.719844
-0.715953 -0.712062 -0.708171 -0.70428 -0.700389 -0.696498 -0.692607
-0.688716 -0.684825 -0.680934 -0.677043 -0.673152 -0.669261 -0.66537
-0.661479 -0.657588 -0.653696 -0.649805 -0.645914 -0.642023 -0.638132
-0.634241 -0.63035 -0.626459 -0.622568 -0.618677 -0.614786 -0.610895
-0.607004 -0.603113 -0.599222 -0.595331 -0.59144 -0.587549 -0.583658
-0.579767 -0.575875 -0.571984 -0.568093 -0.564202 -0.560311 -0.55642
-0.552529 -0.548638 -0.544747 -0.540856 -0.536965 -0.533074 -0.529183
-0.525292 -0.521401 -0.51751 -0.513619 -0.509728 -0.505837 -0.501945
-0.498054 -0.494163 -0.490272 -0.486381 -0.48249 -0.478599 -0.474708
-0.470817 -0.466926 -0.463035 -0.459144 -0.455253 -0.451362 -0.447471
-0.44358 -0.439689 -0.435798 -0.431907 -0.428016 -0.424125 -0.420233
-0.416342 -0.412451 -0.40856 -0.404669 -0.400778 -0.396887 -0.392996
-0.389105 -0.385214 -0.381323 -0.377432 -0.373541 -0.36965 -0.365759
-0.361868 -0.357977 -0.354086 -0.350195 -0.346303 -0.342412 -0.338521
-0.33463 -0.330739 -0.326848 -0.322957 -0.319066 -0.315175 -0.311284
-0.307393 -0.303502 -0.299611 -0.29572 -0.291829 -0.287938 -0.284047
-0.280156 -0.276265 -0.272374 -0.268482 -0.264591 -0.2607 -0.256809
-0.252918 -0.249027 -0.245136 -0.241245 -0.237354 -0.233463 -0.229572
-0.225681 -0.22179 -0.217899 -0.214008 -0.210117 -0.206226 -0.202335
-0.198444 -0.194553 -0.190661 -0.18677 -0.182879 -0.178988 -0.175097
-0.171206 -0.167315 -0.163424 -0.159533 -0.155642 -0.151751 -0.14786
-0.143969 -0.140078 -0.136187 -0.132296 -0.128405 -0.124514 -0.120623
-0.116732 -0.11284 -0.108949;
#A 1000 -0.105058 -0.101167 -0.0972763 -0.0933852 -0.0894942 -0.0856031
-0.0817121 -0.077821 -0.07393 -0.0700389 -0.0661479 -0.0622568 -0.0583658
-0.0544747 -0.0505837 -0.0466926 -0.0428016 -0.0389105 -0.0350195 -0.0311284
-0.0272374 -0.0233463 -0.0194553 -0.0155642 -0.0116732 -0.0077821 1
;
#X coords 0 1 1026 -1 100 70 1;
#X restore 308 81 graph;
#X obj 270 177 t b l;
#X obj 270 157 r timb;
#X obj 312 -181 loadbang;
#X obj 268 57 s timb;
#X floatatom 295 240 5 0 0 0 - - -;
#X floatatom 350 240 10 0 0 0 - - -;
#X obj 295 218 unpack f f;
#X obj 293 266 tabwrite mywave;
#X msg 43 225 0.99;
#X msg 43 205 loadbang;
#X text 9 -64 by r. luke dubois \,;
#X text 8 -56 computer music center \,;
#X text 8 -48 columbia university;
#X text 8 -191 gen24;
#X text 8 -177 b.p.f wavetable generator;
#X text 8 -144 gen24 -- give it a list of time/amplitudes;
#X text 8 -135 pairs and it will output index/amplitude pairs;
#X text 8 -126 to store in an array.;
#X msg 312 -79 0 0 1 1 2 0 3 -1 4 0;
#X msg 312 -60 0 1 1 1 1.001 -1 2 -1;
#X msg 312 -40 0 -1 1 1;
#X msg 312 -20 0 1 1 -1;
#X msg 312 0 0 1 1 -1 2 0 4 1;
#X msg 312 20 0 0 1 1 2 1 3 1 4 0;
#X msg 312 40 0 1 2 -1 3..5 0 4.2 1 5 -1 6.2 0;
#X obj 295 199 gen24 1027 0;
#X text 327 -141 list of times and amplitudes;
#X text 324 -131 for breakpoint function (times;
#X text 327 -120 are relative and will be rescaled;
#X text 324 -110 to the size of the buffer.);
#X connect 0 0 1 1;
#X connect 1 0 0 0;
#X connect 2 0 1 2;
#X connect 3 0 4 0;
#X connect 6 0 8 0;
#X connect 8 0 9 0;
#X connect 9 0 10 0;
#X connect 10 0 15 0;
#X connect 11 0 12 1;
#X connect 12 0 1 0;
#X connect 15 0 12 0;
#X connect 17 1 42 0;
#X connect 18 0 17 0;
#X connect 19 0 35 0;
#X connect 21 0 24 1;
#X connect 22 0 24 0;
#X connect 23 0 21 0;
#X connect 23 1 22 0;
#X connect 25 0 11 0;
#X connect 26 0 25 0;
#X connect 35 0 20 0;
#X connect 36 0 20 0;
#X connect 37 0 20 0;
#X connect 38 0 20 0;
#X connect 39 0 20 0;
#X connect 40 0 20 0;
#X connect 41 0 20 0;
#X connect 42 0 23 0;
